3853 44
4542 44
4548 44
4553 44
4560 44
4565 44
4571 44
4576 44
4581 44
4587 44
4592 44
4597 44
4603 44
4608 44
4613 44
4619 44
4624 44
4629 44
4635 44
4640 44
4646 44
4651 44
4656 44
4662 44
4667 44
4672 44
4677 44
4685 44
4690 44
4695 44
4701 44
4706 44
4711 44
4717 44
4722 44
4727 44
4733 44
4738 44
4743 44
4749 44
4754 44
4759 44
4765 44
4770 44
4775 44
4781 44
4786 44
4791 44
4797 44
4802 44
4807 44
4813 44
4843 44
4848 44
4854 44
4859 44
4865 44
4873 44
4878 44
4884 44
4889 44
4894 44
4900 44
4905 44
4911 44
4916 44
4921 44
4927 44
4932 44
4938 44
4943 44
4948 44
4954 44
4959 44
4964 44
4970 44
4975 44
4985 44
4990 44
4996 44
5001 44
5006 44
5012 44
5017 44
5023 44
5028 44
5033 44
5039 44
5044 44
5049 44
5055 44
5060 44
5066 44
5071 44
5076 44
5082 44
5087 44
5093 44
5098 44
5104 44
5111 44
5116 44
5121 44
5127 44
5132 44
5137 44
5143 44
5148 44
5153 44
5159 44
5164 44
5169 44
5175 44
5180 44
5186 44
5191 44
5200 44
5205 44
5210 44
5217 44
10217 44
15218 44
20218 44
25218 44
30219 44
35219 44
40220 44
45220 44
50221 44
